ANDAMAN & NICOBAR ISLANDS	,54.18248388328579,45.81751611671421,11.859233463922227,13.418311067532786,76.08927720083743,65.14523838705723,56.568828638351675,16.60252481921804
ANDHRA PRADESH	,50.55427038603999,49.44572961396001,13.463974339517684,13.22768809387167,60.85222488205995,43.75902306513188,56.225399821161105,35.11347175303271
ARUNACHAL PRADESH	,52.81948107777276,47.18051892222724,18.076493988181557,19.50438876738085,52.2951472649804,35.037555957508005,50.62790870105752,36.54056641835271
ASSAM	,51.68547777406623,48.31452222593377,16.61544496106093,17.152312332244517,59.43728684186593,45.243320820739015,49.87255242183062,20.71384760838828
BIHAR	,52.1018937822124,47.8981062177876,20.009125008570592,20.509160247008694,47.73951037368482,26.32442784018016,47.366340072604636,18.84456520049421
CHANDIGARH	,56.28673102866311,43.71326897133689,12.361274948810308,13.449175381067166,75.48970485542611,66.18262267683015,56.10528309181793,14.224898843526875
CHHATTISGARH	,50.275112997852574,49.724887002147426,17.18899683012135,16.936035565131228,64.07538013816401,43.06884880041044,52.814052562205596,40.04032980085592
DADRA & NAGAR HAVELI	,55.17982674951245,44.82017325048755,16.691598310127727,20.127701772848702,59.30087288149524,32.13288270055857,62.33047852316999,38.742613130413666
DAMAN & DIU	,58.47639756264064,41.52360243735936,11.549852992044276,15.059672410643609,76.73815288827396,55.72672471533824,65.47150639916984,18.60500517566827
DELHI	,54.92386668589099,45.07613331410901,14.19199146496611,15.011853558221786,74.93981386664325,63.49100864242201,52.057042020792316,9.372215502990178
GOA	,50.99534900287014,49.00465099712986,10.962272716690336,10.694709427334121,78.72441971457174,67.31019654159475,54.597175983051244,22.355016504648557
GUJARAT	,52.07232568472032,47.92767431527968,15.160358251782784,14.54474779950456,67.58720114401895,49.38958075291203,54.868180445703345,27.910694638433565
HARYANA	,53.74408760568437,46.25591239431563,16.135714394454112,15.355707327487005,65.82400507992246,47.169527547921085,50.295227373784456,27.216500073461667
HIMACHAL PRADESH	,50.80603497918689,49.19396502081311,13.550328050415487,12.532308124523405,73.78336366639248,58.971859155306426,54.62081517127923,43.672925390306226
JAMMU & KASHMIR	,52.84980825537033,47.15019174462967,14.277272247369204,15.06257665530506,57.09140547733731,36.5197686530871,49.99026287622698,22.45295303520509
JHARKHAND	,51.5294482125601,48.4705517874399,18.163696646973285,18.641985876507334,55.072644026803815,31.62399339948144,47.96426541751383,26.40861289269441
KARNATAKA	,50.89618157702845,49.10381842297155,13.721585381240985,13.452488790305539,65.65770043241145,49.221355687524074,56.63928563966774,31.980386290749056
KERALA	,48.580234006233525,51.419765993766475,12.50937543596343,11.348844055614325,82.44825295918561,77.76383456423963,50.20259087207167,15.380681082480901
LAKSHADWEEP	,51.32893652102226,48.67106347897774,14.907969548038933,15.075036417222806,78.73502296746008,68.33564822656594,42.41431370659471,7.2834445611301195
MADHYA PRADESH	,52.103864280690686,47.896135719309314,17.745543679213853,17.99854769370349,62.56357881075646,41.240437302717986,51.502821618811964,33.21003248954976
MAHARASHTRA	,52.024473881117245,47.975526118882755,14.179260896041784,14.038232385532856,73.77881602828666,57.62072838240501,53.27733624419838,30.812957631531336
MANIPUR 	,50.56489144300227,49.43510855699773,14.391849833064692,14.087890256676443,68.76986292867873,52.00634082494207,48.119718811208855,39.023053641213124
MEGHALAYA	,50.719158262255576,49.280841737744424,20.169851380042463,20.194008234630076,52.230149640290215,47.57034658079082,48.33749544038834,35.14856900331223
MIZORAM	,51.668124059587676,48.331875940412324,15.93869865326099,16.429316543412252,76.25749005138213,72.49501704450198,57.28661385422634,47.53623120913511
NAGALAND	,52.61919884866404,47.38080115133596,14.088265095149556,15.076334056284104,61.13799383273122,52.19266196130004,46.69552619943255,38.055987145970654
ORISSA	,50.701650280154745,49.298349719845255,14.707760802590704,14.408316978145502,64.26563068545066,43.23568721275082,52.52790241670002,24.660823441682663
PONDICHERRY	,49.978293109730124,50.021706890269876,12.231985723702719,11.816965677986968,77.7799454165734,65.16607028544227,53.11924363552728,17.23179259064721
PUNJAB	,53.30697291789371,46.69302708210629,13.583326049312882,12.379406493115763,65.01550822503889,55.51874924058951,53.60176264310212,19.054596141324293
RAJASTHAN	,52.06419225816015,47.93580774183985,18.965377001388614,18.72246044687492,61.343134779929215,35.64362945610759,49.95172163599803,33.48762774356294
SIKKIM	,53.338904800028104,46.661095199971896,13.810817930977107,15.19731185139103,65.53569695373054,51.225001684055364,57.44374038074902,38.56566032801436
TAMIL NADU	,50.317390184954164,49.682609815045836,11.864675637256234,11.319367955317842,72.64013280634647,57.13599230053956,57.642907726015196,31.536711931744698
TRIPURA	,51.33231620500481,48.66768379499519,13.518366849853095,13.773091206169902,70.06999649865274,55.96687942925334,50.62314847234697,21.08025932286776
UTTAR PRADESH	,52.68740335205517,47.31259664794483,18.85338140926466,19.22307570533893,55.84560832490753,34.10530412392059,46.801102385578936,16.535475028204605
UTTARANCHAL	,50.957075742792526,49.042924257207474,16.480848946953298,15.542083741150615,69.5545044249506,50.36495193260357,46.144523112287686,27.329878645586266
WEST BENGAL	,51.71857303234275,48.28142696765725,14.045681056412864,14.440742406680696,66.20468801114939,51.00456437696595,53.99134736579874,18.324999098429117
