ANDAMAN & NICOBAR ISLANDS	,54.43983160432851,45.56016839567149,16.21095494079617,18.850832266325224,63.673137713642774,50.30729833546735,51.78147268408551,7.606700810926163
ANDHRA PRADESH	,50.578833596642696,49.421166403357304,16.89540956108471,16.933367242350048,39.29593412458383,19.870342540580225,57.5223442702112,36.95817309471007
ARUNACHAL PRADESH	,53.18345204461953,46.81654795538047,20.361576792047206,22.813941365125054,37.433348463460746,19.538253192960187,53.43046542599622,38.716413005292324
ASSAM	,51.71077227858121,48.28922772141879,19.991448114989662,20.912995826598156,46.93431129424317,30.994071520455574,48.13864030268937,13.258194502266907
BIHAR	,52.04523964631824,47.95476035368176,20.607863804659715,21.48470948615755,38.35498927586167,14.091721013005262,48.51654990210678,10.789582981134444
CHANDIGARGH	,61.26371135889765,38.73628864110235,15.667850448850745,22.55636165067478,55.3812765117885,37.04267103518215,64.34102791752984,5.012091426788361
DADRA & NAGAR HAVELI	,50.88598207523353,49.11401792476647,20.361555993116173,21.422260774581144,39.85488147103056,18.305945095015502,55.760554427200425,32.57031789632628
DAMAN & DIU	,52.01598726939659,47.98401273060341,17.509160115257373,17.707851303408916,62.05400021343958,38.42742557457967,52.73736259827114,13.041801635045504
DELHI	,55.32618419652294,44.67381580347706,19.8841647367138,22.165849378365564,62.86110433934666,40.59127801246807,48.05696916138469,4.844290657439446
GOA	,50.16643938548579,49.83356061451421,11.898812429766963,11.64037781500093,71.98680413324128,55.555846361436814,47.1454694094503,18.52753350083752
GUJARAT	,51.302633533899744,48.697366466100256,17.241115305857356,17.00798423457773,55.31441666590442,32.07530004426665,54.419571344581385,17.69948180552691
HARYANA	,53.64965350686894,46.35034649313106,19.437735886467465,19.737775946393768,52.18531922838782,26.093310174439328,48.199249128855485,6.45500272099618
HIMACHAL PRADESH	,50.240433438853664,49.759566561146336,16.816464764882117,16.218512288634802,61.46375948331354,41.71845099868567,48.7878515786869,20.080247270894766
KARNATAKA	,50.676663894486836,49.323336105513164,17.402591892685283,17.21895000486477,49.80360677098715,28.771440136498022,55.347514141366794,27.441678084679072
KERALA	,49.08337871524735,50.91662128475265,13.99780914444389,12.930285409955182,79.90361833606842,74.117256751587,44.91193963009622,13.34534446857512
LAKSHADWEEP	,51.033505953171336,48.966494046828664,19.288811795316565,19.117779987345205,71.561144839549,55.58166862514689,37.77970511708586,5.42348368435325
MADHYA PRADESH	,51.4617474379077,48.5382525620923,20.336772707507805,20.617323622111698,40.65879634019615,15.661071124946208,53.07316408703093,26.92672171709354
MAHARASHTRA	,50.69940137741032,49.30059862258968,18.35944161054569,17.983579666831258,56.939474932630375,33.595729735980335,52.05016815915045,36.084325283188065
MANIPUR	,51.2499399175669,48.7500600824331,16.869994651191757,17.293705679631618,56.231361601418534,35.77781235508982,46.050308106008984,37.2020723792152
MEGHALAYA	,50.865178361923434,49.134821638076566,23.043552217073884,23.59262170606847,34.49912568975254,28.35929597980464,50.41892048199329,33.90118698458582
MIZORAM	,52.2885344665286,47.7114655334714,18.921476848375118,20.16674558614625,62.72284917752837,53.510225709711605,51.293631117100624,39.242711222349996
NAGALAND	,52.15449959703312,47.84550040296688,16.304537229408215,17.78378919947901,53.08146715559087,41.40283204755703,46.3597805585608,42.02818688842133
ORISSA	,50.301109366418,49.698890633582,17.349248330277263,17.013428959108566,49.59196314884681,25.555690553887885,53.67259987437436,12.827886370729779
PONDICHEERY	,50.75618982118294,49.24381017881706,15.073272854152128,14.967074252274776,64.91439643900027,45.882361156695836,52.92515531948048,21.170941543704302
PUNJAB	,52.974726120084455,47.025273879915545,16.554788918521265,16.37964609816974,50.659422785594096,36.67062490391514,54.922085871010246,2.164876480822988
RAJASTHAN	,52.11269365217947,47.88730634782053,20.6675636615416,20.659995493592522,37.79477558627748,9.193305068403992,49.183123838836515,15.261308258576234
SIKKIM	,52.855994434985966,47.144005565014034,18.120413566369823,19.641278261967916,51.98256835162359,35.34511465545948,50.56099796699048,29.605452019245124
TAMIL NADU	,50.481330839533534,49.518669160466466,14.036351372653945,13.523767932785747,57.750395484808394,36.17745868109703,57.91808438269498,31.97404779726312
TRIPURA	,51.489498536491794,48.510501463508206,18.610611469661023,19.12370747293582,54.58828851528737,35.852703770229176,46.920947436610675,10.402884492323173
UTTAR PRADESH	,53.08856968281597,46.91143031718403,20.258859473915784,21.267407586201703,41.50541027844961,14.977229450540223,50.09702327163181,8.357453676343264
WEST BENGAL	,51.53336523911389,48.46663476088611,18.54126272835575,19.111315482172174,50.54695327174801,30.83636539617724,51.182758887690966,8.738839611279667
