ANDAMAN & NICOBAR ISLANDS	,53.30560380050502,46.69439619949498,10.2380330357715,11.315063868099713,81.02538066061685,73.09886894378482,59.589098491159405,17.807664171965563
ANDHRA PRADESH	,50.179423156635224,49.820576843364776,11.10912252174996,10.507821196184565,66.56412472639815,52.93365368229452,56.98485415888254,36.15995735599479
ARUNACHAL PRADESH	,51.59341401880573,48.40658598119427,15.075247369423682,15.610877630390481,61.61375631730522,48.690608600882335,49.06389022736696,35.44023349730896
ASSAM	,51.07882962967901,48.92117037032099,14.827902079137898,14.899942244705978,66.30494553667904,56.39501503098394,53.58756890061968,22.455784971872053
BIHAR	,52.14067505369769,47.85932494630231,18.21587088891025,18.559784525873926,58.23341238354869,41.94296836322701,46.468396117428966,19.073767552609784
CHANDIGARH	,55.015680515419966,44.984319484580034,10.941974949325168,11.773279386335346,80.14046012919714,71.63043638515798,56.51453597008936,16.002333678049315
CHHATTISGARH	,50.23603653414626,49.76396346585374,14.493495037557777,14.173309116373327,68.6352767633492,51.69817774167277,55.5904649730244,39.69665449289558
DADRA & NAGAR HAVELI	,56.37326924811396,43.62673075188604,13.641102394715112,16.31488039266684,73.5554293971924,53.82430026208911,61.5674029727498,25.25391966601978
DAMAN & DIU	,61.7894568072782,38.2105431927218,9.410449697606802,13.760678243281045,82.92892262859196,68.60219912637446,71.47923167510528,14.887138768747445
GOA	,50.67653037787658,49.32346962212342,10.073869632275347,9.751252771387467,83.31615120274914,76.40536276506279,56.76001839976188,21.922561005275192
GUJARAT	,52.10360767556526,47.89639232443474,13.068337056059363,12.649659228520564,74.54408937590938,60.86162110611034,57.16161881106059,23.375473324427382
HARYANA	,53.23059474834233,46.76940525165767,13.657986885847473,12.968265781250949,72.5769548329,57.39290806030129,50.43920095053374,17.794723805758217
HIMACHAL PRADESH	,50.722139462710295,49.277860537289705,11.702293564412027,10.950892016475455,79.05486501087202,67.6124513669289,58.686029042414816,44.81733535261027
JAMMU & KASHMIR	,52.95033960588781,47.04966039411219,16.329019606780168,15.838112475934814,64.2205701780937,47.4958987499661,48.11402839054299,19.110181268472573
JHARKHAND	,51.32243915342408,48.67756084657592,16.34433263645715,16.33066109413738,64.27830196898286,46.36713117765246,49.76144271385382,29.104232648281812
KARNATAKA	,50.68582774873817,49.31417225126183,11.868542994485972,11.569529855977569,72.68615078469723,60.20467900310137,58.9993165875154,31.87160455964823
KERALA	,47.97755712653461,52.02244287346539,11.032623358031852,9.809226252282327,85.50914520697415,83.03822121040594,52.73196321402357,18.226353498479657
LAKSHADWEEP	,51.37499418361175,48.62500581638825,11.463333635238355,11.030303030303031,84.60284394529481,78.24561403508773,46.245811067838055,10.956937799043063
MADHYA PRADESH	,51.78846009880456,48.21153990119544,14.984914777626237,14.77451500596767,66.93109430727273,50.48434073161056,53.564835934281724,32.63551391833264
MAHARASHTRA	,51.82950095908467,48.17049904091533,12.079364448184174,11.621979655126186,77.70468637497318,67.05311238085146,56.00131112625684,31.055988204379513
MANIPUR	,50.37429170311304,49.62570829688696,13.519108346668187,12.762629056567562,72.2833393345966,61.29079147168235,51.39824800185738,39.8813723885273
MEGHALAYA	,50.28270353221843,49.71729646778157,19.348425291855918,18.97485995456447,61.25884147812891,59.05710762363759,47.17079403042702,32.67060188182558
MIZORAM	,50.61392300078563,49.38607699921437,15.406985643003642,15.311875423304981,78.9660009471692,75.59899384904413,52.35360743617862,36.164778441942396
NAGALAND	,51.78913137312977,48.21086862687023,14.618176565828884,14.812135622574967,70.65414595632261,64.83986526225739,53.4189756687412,44.74117080933855
NCT OF DELHI	,53.534414970841276,46.465585029158724,11.966184380092589,12.012052895829367,80.05558049190604,71.05735893900673,52.98601608531837,10.576384041514675
ODISHA	,50.53610766494804,49.46389233505196,12.806334072155675,12.314261161284307,71.1370179787646,56.1259415120314,56.112477310158674,27.15977135626379
PUDUCHERRY	,49.08125546394776,50.91874453605224,11.024618333385034,10.28119010074877,81.20311308694865,72.37969791106033,54.355105459330524,17.631349517343832
PUNJAB	,52.76749683113113,47.23250316886887,11.38015631035697,10.761894594063907,71.2871406161359,63.11936173374086,55.1533611371727,13.91348191485067
RAJASTHAN	,51.862593161679236,48.137406838320764,15.86221618482317,15.183990030741779,66.63220162292495,44.20606568267114,51.46712481790595,35.12144881542326
SIKKIM	,52.91224530239429,47.08775469760571,10.140526820812827,10.904082335386617,77.77540471105333,67.36635977558807,60.159717708236606,39.57468861627717
TAMIL NADU	,50.08934532717424,49.91065467282576,10.571361566330156,10.007360648592417,77.5928673369219,66.08619970726808,59.31427535715546,31.796732794015284
TRIPURA	,51.01846340023468,48.98153659976532,12.484581535401649,12.44795200553919,80.09967050367696,72.43035863033963,55.76928001638945,23.572399850850857
UTTAR PRADESH	,52.28931780545027,47.71068219454973,15.491483531234676,15.320958222233243,65.30879682727429,48.42306133824284,47.70914881636776,16.749865005739792
UTTARAKHAND	,50.93817430627628,49.06182569372372,13.959336078102321,12.90517425516604,75.20199899839872,60.972686979680184,49.669788836525086,26.68180116111507
WEST BENGAL	,51.28288709483308,48.71711290516692,11.558445767308942,11.62898276586045,72.24847890984788,62.33705026962863,57.074561707937235,18.081480847138
